-98.5486448242662 35.9374917435756
-98.6297767376244 36.6335869079202
-98.3676483508957 36.3284275318339
-97.5455177810742 36.137849619748
-97.1935702520465 35.990710331532
-98.0453616519 36.6547736685198
-99.4404727912679 36.6960249235496
-99.3509176315578 36.9283764105399
-99.3361398001273 36.4284098058479
-98.0426129899684 36.3302956195755
-96.5668348667842 35.6803013422122
-96.5017394989964 36.1241643365532
-97.8078906217799 35.4909161846505
-97.7645754079918 36.2141424824996
-97.6050450182554 35.7035985200705
-97.6798686323417 35.907772501917
-97.5217028771982 36.4953575918261
-97.3826487984831 36.3315369461282
-96.8713766345247 36.3066769112275
-99.7063397580072 37.0669162883902
-99.1901750335222 37.1287142070439
-98.3017360806298 36.7301762124225
-98.8960547797484 37.0536142677697
-97.8037162128915 36.6053936938824
-97.0027063034504 35.6658555053101
-96.7991700773574 36.0799734098719
-96.7021605384494 35.9351481869183
-96.3872998212086 35.8241861868014
-98.2451458194153 35.6675787917921
-98.1053714857161 36.016044411245
-97.213720719742 35.7555693541638
-98.8694408605625 36.1819785211658
-99.8300175973574 36.5992092223633
-99.6396895510452 36.8137083653927
-98.3428583692385 36.0377590083122
-98.2900598904134 36.1980409473332
-97.4121379544953 35.6243395403611
-96.4630742173113 36.3035562068658
-96.2273925600521 35.9754166787042
-98.1009923558031 35.8129531396777
-98.6987959453851 36.3607635587924
-98.6906105941646 36.8551665732824
-99.1166605931838 36.7368860548576
-98.9534525318762 36.505759285526
-97.9053778519485 35.6999497975272
-97.1242008577352 36.1390586247812
-96.817158802789 35.7870550402924
