-100.105895996094
-100.064208984375
-100.022552490234
-99.9808959960938
-99.939208984375
-99.8975524902344
-99.8558959960938
-99.8142395019531
-99.7725524902344
-99.7308959960938
-99.6892395019531
-99.6475830078125
-99.6058959960938
-99.5642395019531
-99.5225830078125
-99.4808959960938
-99.4392395019531
-99.3975830078125
-99.3558959960938
-99.3142395019531
-99.2725830078125
-99.2308959960938
-99.1892395019531
-99.1475830078125
-99.1058959960938
-99.0642395019531
-99.0225830078125
-98.9808959960938
-98.9392395019531
-98.8975830078125
-98.8558959960938
-98.8142395019531
-98.7725830078125
-98.7308959960938
-98.6892395019531
-98.6475830078125
-98.6059265136719
-98.5642395019531
-98.5225830078125
-98.4809265136719
-98.4392700195312
-98.3975830078125
-98.3559265136719
-98.3142700195312
-98.2725830078125
-98.2309265136719
-98.1892700195312
-98.1475830078125
-98.1059265136719
-98.0642700195312
-98.0225830078125
-97.9809265136719
-97.9392700195312
-97.8975830078125
-97.8559265136719
-97.8142700195312
-97.7725830078125
-97.7309265136719
-97.6892700195312
-97.6475830078125
-97.6059265136719
-97.5642700195312
-97.5225830078125
-97.4809265136719
-97.4392700195312
-97.3975830078125
-97.3559265136719
-97.3142700195312
-97.2726135253906
-97.2309265136719
-97.1892700195312
-97.1476135253906
-97.10595703125
-97.0642700195312
-97.0226135253906
-96.98095703125
-96.9392700195312
-96.8976135253906
-96.85595703125
-96.8142700195312
-96.7726135253906
-96.73095703125
-96.6892700195312
-96.6476135253906
-96.60595703125
-96.5642700195312
-96.5226135253906
-96.48095703125
-96.4392700195312
-96.3976135253906
-96.35595703125
-96.3142700195312
-96.2726135253906
-96.23095703125
-96.1892700195312
-96.1476135253906
-96.10595703125
-96.0643005371094
-96.0226135253906
-95.98095703125
-95.9393005371094
