35.2712478637695
35.312915802002
35.3545799255371
35.3962478637695
35.4379119873047
35.4795799255371
35.5212440490723
35.5629119873047
35.6045761108398
35.6462440490723
35.6879081726074
35.7295761108398
35.771240234375
35.8129081726074
35.8545722961426
35.896240234375
35.9379043579102
35.9795722961426
36.0212364196777
36.0629043579102
36.1045684814453
36.1462364196777
36.1879005432129
36.2295684814453
36.2712326049805
36.3129005432129
36.354564666748
36.3962326049805
36.4378967285156
36.479564666748
36.5212287902832
36.5628929138184
36.6045608520508
36.6462249755859
36.6878929138184
36.7295570373535
36.7712249755859
36.8128890991211
36.8545570373535
36.8962211608887
36.9378890991211
36.9795532226562
37.0212211608887
37.0628852844238
37.1045532226562
37.1462173461914
37.1878852844238
37.229549407959
37.2712173461914
37.3128814697266
37.354549407959
