-95.85595703125
-95.8143005371094
-95.7726440429688
-95.73095703125
-95.6893005371094
-95.6476440429688
-95.60595703125
-95.5643005371094
-95.5226440429688
-95.48095703125
-95.4393005371094
-95.3976440429688
-95.35595703125
-95.3143005371094
-95.2726440429688
-95.23095703125
-95.1893005371094
-95.1476440429688
-95.10595703125
-95.0643005371094
-95.0226440429688
-94.98095703125
-94.9393005371094
-94.8976440429688
-94.85595703125
-94.8143005371094
-94.7726440429688
-94.7309875488281
-94.6893005371094
-94.6476440429688
-94.6059875488281
-94.5643310546875
-94.5226440429688
-94.4809875488281
-94.4393310546875
